10.773014,106.659752
10.773014,106.659752
10.773014,106.659752
10.773014,106.659752
10.773014,106.659752
10.773012,106.659752
10.773012,106.659752
10.77301,106.659752
10.773008,106.659752
10.773006,106.659752
10.773006,106.659752
10.773005,106.659752
10.773002,106.659752
10.773,106.659752
10.773,106.659752
10.772996,106.659752
10.772996,106.659752
10.772992,106.659752
10.772992,106.659752
10.772988,106.659752
10.772988,106.659752
10.772984,106.659767
10.772984,106.659767
10.77298,106.659767
10.77298,106.659767
10.772976,106.659767
10.772974,106.659767
10.772969,106.659767
10.772969,106.659767
10.772965,106.659767
10.772965,106.659767
10.772964,106.659767
10.772964,106.659767
10.77296,106.659767
10.77296,106.659767
10.772955,106.659767
10.772955,106.659767
10.772951,106.659767
10.772951,106.659767
10.772947,106.659767
10.772947,106.659767
10.772943,106.659767
10.772943,106.659767
10.772939,106.659782
10.772939,106.659782
10.772937,106.659782
10.772937,106.659782
10.772933,106.659782
10.772929,106.659782
10.772929,106.659782
10.772924,106.659782
10.772924,106.659782
10.772923,106.659782
10.772923,106.659782
10.772919,106.659782
10.772919,106.659782
10.772915,106.659782
10.772915,106.659782
10.772913,106.659782
10.772913,106.659782
10.772908,106.659798
10.772908,106.659798
10.772904,106.659798
10.772904,106.659798
10.772902,106.659798
10.772902,106.659798
10.772899,106.659798
10.772899,106.659798
10.772894,106.659798
10.77289,106.659798
10.77289,106.659798
10.772886,106.659798
10.772886,106.659798
10.772884,106.659798
10.772884,106.659798
10.77288,106.659798
10.77288,106.659798
10.772878,106.659798
10.772878,106.659798
10.772874,106.659813
10.772874,106.659813
10.772872,106.659813
10.77287,106.659813
10.77287,106.659813
10.772868,106.659813
10.772866,106.659813
10.772866,106.659813
10.772861,106.659813
10.77286,106.659813
10.77286,106.659813
10.772858,106.659813
10.772854,106.659813
10.772854,106.659813
10.772849,106.659813
10.772849,106.659813
10.772847,106.659828
10.772847,106.659828
10.772843,106.659828
10.772843,106.659828
10.772841,106.659828
10.772841,106.659828
10.772838,106.659828
10.772836,106.659828
10.772833,106.659828
10.772833,106.659828
10.772829,106.659828
10.772829,106.659828
10.772827,106.659828
10.772827,106.659828
10.772823,106.659828
10.772821,106.659843
10.772819,106.659843
10.772817,106.659843
10.772817,106.659843
10.772815,106.659843
10.772815,106.659843
10.772811,106.659843
10.772811,106.659843
10.772807,106.659843
10.772807,106.659843
10.772805,106.659843
10.772802,106.659843
10.7728,106.659843
10.772799,106.659866
10.772799,106.659866
10.772797,106.659866
10.772797,106.659866
10.772797,106.659866
10.772797,106.659866
10.772797,106.659866
10.772797,106.659866
10.772797,106.659882
10.772797,106.659882
10.772797,106.659882
10.772797,106.659882
10.772799,106.659882
10.772799,106.659882
10.772799,106.659882
10.772799,106.659882
10.7728,106.659897
10.7728,106.659897
10.7728,106.659897
10.7728,106.659897
10.7728,106.659897
10.772802,106.659897
10.772802,106.659897
10.772805,106.659897
10.772805,106.659912
10.772805,106.659912
10.772807,106.659912
10.772807,106.659912
10.772807,106.659912
10.772809,106.659912
10.772809,106.659912
10.772809,106.659912
10.772809,106.659927
10.772811,106.659927
10.772811,106.659927
10.772811,106.659927
10.772811,106.659927
10.772811,106.659927
10.772813,106.659927
10.772813,106.659927
10.772813,106.659943
10.772813,106.659943
10.772813,106.659943
10.772813,106.659943
10.772813,106.659943
10.772815,106.659943
10.772815,106.659943
10.772815,106.659943
10.772815,106.659943
10.772817,106.659958
10.772817,106.659958
10.772817,106.659958
10.772817,106.659958
10.772817,106.659958
10.772819,106.659958
10.772819,106.659958
10.772819,106.659958
10.772821,106.659981
10.772821,106.659981
10.772821,106.659981
10.772823,106.659981
10.772823,106.659981
10.772825,106.659981
10.772825,106.659981
10.772825,106.659981
10.772825,106.659981
10.772825,106.659996
10.772827,106.659996
10.772827,106.659996
10.772827,106.659996
10.772829,106.659996
10.772829,106.659996
10.772831,106.659996
10.772831,106.659996
10.772833,106.659996
10.772836,106.659996
10.772838,106.659996
10.772838,106.659996
10.77284,106.660011
10.77284,106.660011
10.772843,106.660011
10.772845,106.660011
10.772845,106.660011
10.772849,106.660011
10.772849,106.660011
10.772852,106.660011
10.772852,106.660011
10.772854,106.660011
10.772854,106.660011
10.772858,106.659996
10.772858,106.659996
10.77286,106.659996
10.77286,106.659996
10.772861,106.659996
10.772863,106.659996
10.772863,106.659996
10.772866,106.659996
10.77287,106.659996
10.77287,106.659996
10.772872,106.659996
10.772874,106.659996
10.772876,106.659996
10.772876,106.659996
10.772878,106.659996
10.77288,106.659996
10.77288,106.659996
10.772882,106.659981
10.772884,106.659981
10.772884,106.659981
10.772884,106.659981
10.772888,106.659981
10.772888,106.659981
10.77289,106.659981
10.77289,106.659981
10.772894,106.659981
10.772894,106.659981
10.772897,106.659981
10.772899,106.659981
10.772901,106.659981
10.772901,106.659981
10.772904,106.659958
10.772904,106.659958
10.772906,106.659958
10.772906,106.659958
10.77291,106.659958
10.77291,106.659958
10.772913,106.659958
10.772913,106.659958
10.772917,106.659958
10.772917,106.659958
10.772919,106.659958
10.772919,106.659958
10.772923,106.659958
10.772924,106.659958
10.772927,106.659958
10.772927,106.659958
10.772929,106.659958
10.772933,106.659958
10.772933,106.659958
10.772935,106.659958
10.772935,106.659958
10.772939,106.659958
10.772941,106.659958
10.772941,106.659943
10.772941,106.659943
10.772945,106.659943
10.772945,106.659943
10.772947,106.659943
10.772947,106.659943
10.772949,106.659943
10.772949,106.659943
10.772953,106.659943
10.772953,106.659943
10.772958,106.659943
10.772958,106.659943
10.77296,106.659943
10.772962,106.659943
10.772962,106.659943
10.772962,106.659943
10.772965,106.659943
10.772969,106.659943
10.772969,106.659943
10.772971,106.659943
10.772974,106.659927
10.772976,106.659927
10.772976,106.659927
10.772978,106.659927
10.772978,106.659927
10.772978,106.659927
10.772982,106.659927
10.772982,106.659927
10.772984,106.659927
10.772985,106.659927
10.772985,106.659927
10.772988,106.659927
10.77299,106.659927
10.772992,106.659927
10.772992,106.659927
10.772996,106.659927
10.772996,106.659927
10.772998,106.659927
10.773,106.659927
10.773002,106.659927
10.773005,106.659927
10.773005,106.659927
10.773006,106.659927
10.773008,106.659927
10.773008,106.659927
10.77301,106.659912
10.773012,106.659912
10.773014,106.659912
10.773014,106.659912
10.773014,106.659912
10.773019,106.659912
10.773019,106.659912
10.773021,106.659912
10.773023,106.659912
10.773023,106.659912
10.773025,106.659912
10.773028,106.659912
10.773028,106.659912
10.773028,106.659912
10.773032,106.659912
10.773035,106.659912
10.773037,106.659912
10.773037,106.659912
10.773039,106.659897
10.773041,106.659897
10.773043,106.659897
10.773045,106.659897
10.773045,106.659897
10.773046,106.659897
10.773046,106.659897
10.773049,106.659897
10.773049,106.659897
10.773049,106.659897
10.773049,106.659897
10.773051,106.659882
10.773051,106.659882
10.773053,106.659882
10.773053,106.659882
10.773053,106.659882
10.773053,106.659882
10.773053,106.659882
10.773053,106.659866
10.773053,106.659866
10.773051,106.659866
10.773051,106.659866
10.773049,106.659866
10.773049,106.659866
10.773049,106.659866
10.773046,106.659866
10.773046,106.659866
10.773045,106.659866
10.773045,106.659843
10.773043,106.659843
10.773043,106.659843
10.773041,106.659843
10.773041,106.659843
10.773041,106.659843
10.773039,106.659843
10.773037,106.659843
10.773037,106.659828
10.773035,106.659828
10.773035,106.659828
10.773032,106.659828
10.773032,106.659828
10.77303,106.659828
10.77303,106.659828
10.773028,106.659828
10.773028,106.659828
10.773028,106.659813
10.773028,106.659813
10.773026,106.659813
10.773026,106.659813
10.773025,106.659813
10.773025,106.659813
10.773025,106.659813
10.773025,106.659813
10.773023,106.659813
10.773023,106.659813
10.773023,106.659798
10.773023,106.659798
10.773021,106.659798
10.773019,106.659798
10.773019,106.659798
10.773019,106.659798
10.773019,106.659798
10.773016,106.659782
10.773016,106.659782
10.773016,106.659782
10.773016,106.659782
10.773014,106.659782
10.773014,106.659782
10.773014,106.659782
10.773014,106.659782
10.773012,106.659782
10.773012,106.659782
10.77301,106.659767
10.77301,106.659767
10.77301,106.659767
10.77301,106.659767
10.77301,106.659767
10.773008,106.659767
10.773008,106.659767
10.773008,106.659767
10.773008,106.659767
10.773006,106.659752
10.773006,106.659752
10.773006,106.659752
10.773006,106.659752
10.773005,106.659752
10.773005,106.659752
10.773005,106.659752
10.773005,106.659752
10.773002,106.659737